 [7 -11 -11 200 526661 1644640 1 "Seeno"]
 [7 -11 -10 700 526661 1645688 1 "Seeno"]
 [7 -11 -9 8500 526661 1646736 1 "Sangre"]
 [7 -11 -8 5400 526661 1647784 1 "Sangre"]
 [7 -11 -7 7300 526661 1648833 1 "Sangre"]
 [7 -11 -6 7200 526661 1649881 1 "Sangre"]
 [7 -11 -5 7500 526661 1650929 1 "Sangre"]
 [7 -11 -4 6000 526661 1651978 1 "Sangre"]
 [7 -11 -3 6600 526661 1653026 1 "Baldiol"]
 [10 -11 -2 4600 526661 1654074 1 "Baldiol"]
 [7 -11 -1 5700 526661 1655122 1 "Baldiol"]
 [7 -11 0 7000 526661 1656171 1 "Baldiol"]
 [7 -11 1 6200 526661 1657219 1 "Sangre"]
 [7 -11 2 1300 526661 1658267 1 "Baldiol"]
 [7 -11 3 7000 526661 1659316 1 "Baldiol"]
 [10 -11 4 6600 526661 1660364 1 "Baldiol"]
 [10 -11 5 4300 526661 1661412 2 "Baldiol"]
 [10 -11 6 1500 526661 1662461 2 "Baldiol"]
 [10 -11 7 5700 526661 1663509 2 "Baldiol"]
 [10 -11 8 7800 526661 1664557 1 "Baldiol"]
 [10 -11 9 5200 526661 1665605 1 "Baldiol"]
 [2 -11 10 5400 526661 1666654 1 "Baldiol"]
 [2 -11 11 5400 526661 1667702 1 "Baldiol"]
 [7 -10 -11 200 527665 1644640 1 "Seeno"]
 [7 -10 -10 2900 527665 1645688 1 "Seeno"]
 [7 -10 -9 6900 527665 1646736 1 "Sangre"]
 [7 -10 -8 5500 527665 1647784 1 "Sangre"]
 [7 -10 -7 2400 527665 1648833 1 "Baldiol"]
 [7 -10 -6 7500 527665 1649881 1 "Sangre"]
 [7 -10 -5 6400 527665 1650929 1 "Sangre"]
 [7 -10 -4 6700 527665 1651978 1 "Sangre"]
 [7 -10 -3 6400 527665 1653026 1 "Baldiol"]
 [7 -10 -2 2300 527665 1654074 1 "Baldiol"]
 [7 -10 -1 2600 527665 1655122 1 "Baldiol"]
 [7 -10 0 6800 527665 1656171 1 "Baldiol"]
 [7 -10 1 6400 527665 1657219 1 "Baldiol"]
 [7 -10 2 7900 527665 1658267 1 "Baldiol"]
 [7 -10 3 5600 527665 1659316 1 "Baldiol"]
 [10 -10 4 7900 527665 1660364 1 "Baldiol"]
 [10 -10 5 5600 527665 1661412 2 "Baldiol"]
 [10 -10 6 4000 527665 1662461 2 "Baldiol"]
 [7 -10 7 3700 527665 1663509 2 "Baldiol"]
 [10 -10 8 7900 527665 1664557 1 "Baldiol"]
 [10 -10 9 7800 527665 1665605 1 "Baldiol"]
 [2 -10 10 6600 527665 1666654 1 "Baldiol"]
 [2 -10 11 6900 527665 1667702 1 "Baldiol"]
 [7 -9 -11 1500 528668 1644640 1 "Seeno"]
 [7 -9 -10 700 528668 1645688 1 "Seeno"]
 [7 -9 -9 7100 528668 1646736 1 "Sangre"]
 [7 -9 -8 7900 528668 1647784 1 "Sangre"]
 [7 -9 -7 7500 528668 1648833 1 "Baldiol"]
 [7 -9 -6 5200 528668 1649881 1 "Sangre"]
 [7 -9 -5 8900 528668 1650929 1 "Sangre"]
 [7 -9 -4 5200 528668 1651978 1 "Sangre"]
 [7 -9 -3 7700 528668 1653026 1 "Baldiol"]
 [7 -9 -2 3500 528668 1654074 2 "Baldiol"]
 [7 -9 -1 2900 528668 1655122 2 "Baldiol"]
 [7 -9 0 9700 528668 1656171 1 "Baldiol"]
 [7 -9 1 9700 528668 1657219 1 "Baldiol"]
 [7 -9 2 10000 528668 1658267 1 "Baldiol"]
 [7 -9 3 4900 528668 1659316 1 "Baldiol"]
 [10 -9 4 8700 528668 1660364 1 "Baldiol"]
 [10 -9 5 7700 528668 1661412 2 "Baldiol"]
 [10 -9 6 2000 528668 1662461 2 "Baldiol"]
 [7 -9 7 5500 528668 1663509 2 "Baldiol"]
 [10 -9 8 6000 528668 1664557 1 "Baldiol"]
 [10 -9 9 9200 528668 1665605 1 "Baldiol"]
 [2 -9 10 8500 528668 1666654 1 "Baldiol"]
 [2 -9 11 6900 528668 1667702 1 "Baldiol"]
 [7 -8 -11 2700 529672 1644640 1 "Seeno"]
 [7 -8 -10 4500 529672 1645688 1 "Seeno"]
 [7 -8 -9 7100 529672 1646736 1 "Seeno"]
 [7 -8 -8 3200 529672 1647784 1 "Baldiol"]
 [7 -8 -7 9100 529672 1648833 1 "Baldiol"]
 [7 -8 -6 7600 529672 1649881 1 "Sangre"]
 [7 -8 -5 5600 529672 1650929 1 "Sangre"]
 [7 -8 -4 7900 529672 1651978 2 "Sangre"]
 [7 -8 -3 7200 529672 1653026 1 "Sangre"]
 [7 -8 -2 4300 529672 1654074 2 "Baldiol"]
 [7 -8 -1 1500 529672 1655122 2 "Baldiol"]
 [7 -8 0 3600 529672 1656171 1 "Baldiol"]
 [7 -8 1 6100 529672 1657219 1 "Baldiol"]
 [7 -8 2 5300 529672 1658267 1 "Baldiol"]
 [10 -8 3 7100 529672 1659316 1 "Baldiol"]
 [10 -8 4 9300 529672 1660364 1 "Baldiol"]
 [10 -8 5 5300 529672 1661412 2 "Baldiol"]
 [10 -8 6 2000 529672 1662461 2 "Baldiol"]
 [7 -8 7 7800 529672 1663509 2 "Baldiol"]
 [7 -8 8 6000 529672 1664557 1 "Baldiol"]
 [2 -8 9 6100 529672 1665605 1 "Baldiol"]
 [2 -8 10 10100 529672 1666654 1 "Baldiol"]
 [2 -8 11 9600 529672 1667702 1 "Baldiol"]
 [7 -7 -11 4500 530675 1644640 1 "Seeno"]
 [2 -7 -10 1600 530675 1645688 1 "Seeno"]
 [7 -7 -9 3800 530675 1646736 1 "Seeno"]
 [2 -7 -8 5700 530675 1647784 1 "Baldiol"]
 [7 -7 -7 6400 530675 1648833 1 "Baldiol"]
 [7 -7 -6 5000 530675 1649881 1 "Sangre"]
 [7 -7 -5 4400 530675 1650929 2 "Sangre"]
 [7 -7 -4 5400 530675 1651978 2 "Seeno"]
 [7 -7 -3 5700 530675 1653026 2 "Sangre"]
 [7 -7 -2 7900 530675 1654074 2 "Sangre"]
 [7 -7 -1 1800 530675 1655122 2 "Baldiol"]
 [7 -7 0 3500 530675 1656171 2 "Baldiol"]
 [7 -7 1 5200 530675 1657219 1 "Baldiol"]
 [10 -7 2 3700 530675 1658267 1 "Baldiol"]
 [10 -7 3 4400 530675 1659316 1 "Baldiol"]
 [2 -7 4 4700 530675 1660364 2 "Baldiol"]
 [10 -7 5 2900 530675 1661412 2 "Baldiol"]
 [10 -7 6 300 530675 1662461 2 "Baldiol"]
 [7 -7 7 5400 530675 1663509 1 "Baldiol"]
 [7 -7 8 4300 530675 1664557 1 "Seeno"]
 [2 -7 9 6400 530675 1665605 1 "Baldiol"]
 [2 -7 10 1600 530675 1666654 1 "Seeno"]
 [2 -7 11 8800 530675 1667702 1 "Baldiol"]
 [2 -6 -11 2000 531679 1644640 1 "Seeno"]
 [2 -6 -10 800 531679 1645688 1 "Seeno"]
 [2 -6 -9 900 531679 1646736 1 "Seeno"]
 [2 -6 -8 5100 531679 1647784 1 "Baldiol"]
 [7 -6 -7 6400 531679 1648833 1 "Sangre"]
 [7 -6 -6 6900 531679 1649881 1 "Sangre"]
 [7 -6 -5 8800 531679 1650929 1 "Seeno"]
 [7 -6 -4 6500 531679 1651978 2 "Seeno"]
 [7 -6 -3 5700 531679 1653026 2 "Seeno"]
 [7 -6 -2 3400 531679 1654074 2 "Baldiol"]
 [7 -6 -1 800 531679 1655122 2 "Baldiol"]
 [7 -6 0 900 531679 1656171 2 "Baldiol"]
 [7 -6 1 300 531679 1657219 1 "Baldiol"]
 [7 -6 2 5100 531679 1658267 1 "Baldiol"]
 [2 -6 3 1800 531679 1659316 1 "Baldiol"]
 [2 -6 4 2600 531679 1660364 2 "Baldiol"]
 [2 -6 5 1100 531679 1661412 2 "Baldiol"]
 [10 -6 6 2000 531679 1662461 2 "Baldiol"]
 [10 -6 7 5400 531679 1663509 1 "Baldiol"]
 [7 -6 8 3300 531679 1664557 1 "Seeno"]
 [2 -6 9 2300 531679 1665605 1 "Seeno"]
 [2 -6 10 2400 531679 1666654 1 "Seeno"]
 [2 -6 11 3100 531679 1667702 1 "Seeno"]
 [2 -5 -11 1100 532682 1644640 1 "Seeno"]
 [2 -5 -10 3600 532682 1645688 1 "Seeno"]
 [2 -5 -9 500 532682 1646736 1 "Seeno"]
 [2 -5 -8 7300 532682 1647784 1 "Seeno"]
 [2 -5 -7 5800 532682 1648833 1 "Sangre"]
 [7 -5 -6 7600 532682 1649881 1 "Sangre"]
 [7 -5 -5 8300 532682 1650929 1 "Sangre"]
 [7 -5 -4 7800 532682 1651978 1 "Sangre"]
 [7 -5 -3 10200 532682 1653026 2 "Sangre"]
 [7 -5 -2 3800 532682 1654074 2 "Seeno"]
 [7 -5 -1 1600 532682 1655122 2 "Baldiol"]
 [7 -5 0 5400 532682 1656171 2 "Baldiol"]
 [7 -5 1 400 532682 1657219 2 "Baldiol"]
 [2 -5 2 600 532682 1658267 1 "Baldiol"]
 [10 -5 3 1300 532682 1659316 1 "Baldiol"]
 [10 -5 4 800 532682 1660364 2 "Baldiol"]
 [10 -5 5 1100 532682 1661412 2 "Baldiol"]
 [10 -5 6 700 532682 1662461 1 "Baldiol"]
 [10 -5 7 6400 532682 1663509 1 "Seeno"]
 [2 -5 8 6100 532682 1664557 1 "Seeno"]
 [2 -5 9 5800 532682 1665605 1 "Seeno"]
 [2 -5 10 2900 532682 1666654 1 "Seeno"]
 [2 -5 11 5000 532682 1667702 1 "Seeno"]
 [2 -4 -11 7500 533686 1644640 1 "Seeno"]
 [2 -4 -10 3000 533686 1645688 2 "Seeno"]
 [2 -4 -9 1000 533686 1646736 2 "Seeno"]
 [2 -4 -8 4500 533686 1647784 1 "Seeno"]
 [2 -4 -7 6100 533686 1648833 1 "Sangre"]
 [7 -4 -6 9700 533686 1649881 1 "Sangre"]
 [7 -4 -5 9900 533686 1650929 1 "Sangre"]
 [7 -4 -4 7800 533686 1651978 1 "Sangre"]
 [7 -4 -3 10700 533686 1653026 1 "Sangre"]
 [7 -4 -2 7600 533686 1654074 2 "Sangre"]
 [7 -4 -1 2200 533686 1655122 2 "Sangre"]
 [7 -4 0 1600 533686 1656171 2 "Baldiol"]
 [10 -4 1 1100 533686 1657219 1 "Baldiol"]
 [10 -4 2 600 533686 1658267 1 "Baldiol"]
 [10 -4 3 600 533686 1659316 1 "Baldiol"]
 [10 -4 4 400 533686 1660364 2 "Baldiol"]
 [10 -4 5 3000 533686 1661412 2 "Baldiol"]
 [10 -4 6 900 533686 1662461 1 "Baldiol"]
 [10 -4 7 2400 533686 1663509 1 "Seeno"]
 [2 -4 8 2400 533686 1664557 2 "Seeno"]
 [2 -4 9 2200 533686 1665605 2 "Seeno"]
 [2 -4 10 3000 533686 1666654 1 "Seeno"]
 [2 -4 11 1600 533686 1667702 1 "Seeno"]
 [2 -3 -11 5900 534689 1644640 1 "Seeno"]
 [2 -3 -10 3800 534689 1645688 1 "Seeno"]
 [2 -3 -9 2100 534689 1646736 2 "Baldiol"]
 [2 -3 -8 1500 534689 1647784 2 "Sangre"]
 [2 -3 -7 3900 534689 1648833 1 "Sangre"]
 [7 -3 -6 3100 534689 1649881 1 "Baldiol"]
 [7 -3 -5 7100 534689 1650929 1 "Sangre"]
 [7 -3 -4 6400 534689 1651978 1 "Sangre"]
 [7 -3 -3 6800 534689 1653026 1 "Sangre"]
 [7 -3 -2 6600 534689 1654074 1 "Sangre"]
 [7 -3 -1 4700 534689 1655122 2 "Baldiol"]
 [7 -3 0 800 534689 1656171 2 "Baldiol"]
 [7 -3 1 100 534689 1657219 2 "Baldiol"]
 [10 -3 2 1300 534689 1658267 2 "Baldiol"]
 [10 -3 3 900 534689 1659316 2 "Baldiol"]
 [10 -3 4 900 534689 1660364 2 "Baldiol"]
 [10 -3 5 2600 534689 1661412 2 "Baldiol"]
 [7 -3 6 4400 534689 1662461 2 "Baldiol"]
 [10 -3 7 5500 534689 1663509 2 "Seeno"]
 [10 -3 8 4800 534689 1664557 2 "Seeno"]
 [7 -3 9 2400 534689 1665605 2 "Seeno"]
 [2 -3 10 1300 534689 1666654 1 "Seeno"]
 [2 -3 11 1800 534689 1667702 1 "Seeno"]
 [2 -2 -11 10100 535693 1644640 1 "Seeno"]
 [2 -2 -10 7700 535693 1645688 1 "Seeno"]
 [2 -2 -9 2500 535693 1646736 2 "Baldiol"]
 [12 -2 -8 5200 535693 1647784 2 "Baldiol"]
 [12 -2 -7 4100 535693 1648833 1 "Sangre"]
 [7 -2 -6 7600 535693 1649881 1 "Baldiol"]
 [7 -2 -5 6700 535693 1650929 1 "Sangre"]
 [12 -2 -4 3700 535693 1651978 1 "Baldiol"]
 [7 -2 -3 6300 535693 1653026 1 "Baldiol"]
 [7 -2 -2 3200 535693 1654074 1 "Baldiol"]
 [7 -2 -1 6500 535693 1655122 1 "Sangre"]
 [7 -2 0 4500 535693 1656171 2 "Baldiol"]
 [10 -2 1 5000 535693 1657219 2 "Baldiol"]
 [7 -2 2 1500 535693 1658267 2 "Baldiol"]
 [7 -2 3 4300 535693 1659316 2 "Baldiol"]
 [7 -2 4 300 535693 1660364 2 "Caangol"]
 [10 -2 5 600 535693 1661412 2 "Baldiol"]
 [7 -2 6 3800 535693 1662461 2 "Baldiol"]
 [10 -2 7 6700 535693 1663509 2 "Caangol"]
 [7 -2 8 4600 535693 1664557 2 "Caangol"]
 [7 -2 9 4800 535693 1665605 2 "Seeno"]
 [2 -2 10 1500 535693 1666654 1 "Seeno"]
 [2 -2 11 5400 535693 1667702 1 "Seeno"]
 [2 -1 -11 8400 536696 1644640 1 "Seeno"]
 [2 -1 -10 6900 536696 1645688 1 "Baldiol"]
 [12 -1 -9 100 536696 1646736 1 "Baldiol"]
 [2 -1 -8 2900 536696 1647784 2 "Baldiol"]
 [2 -1 -7 1400 536696 1648833 2 "Sangre"]
 [12 -1 -6 1100 536696 1649881 1 "Baldiol"]
 [12 -1 -5 6000 536696 1650929 1 "Sangre"]
 [12 -1 -4 2900 536696 1651978 1 "Baldiol"]
 [12 -1 -3 6000 536696 1653026 1 "Sangre"]
 [12 -1 -2 1300 536696 1654074 2 "Baldiol"]
 [7 -1 -1 5000 536696 1655122 2 "Caangol"]
 [12 -1 0 900 536696 1656171 2 "Caangol"]
 [12 -1 1 5200 536696 1657219 2 "Baldiol"]
 [7 -1 2 3200 536696 1658267 2 "Caangol"]
 [10 -1 3 1000 536696 1659316 2 "Caangol"]
 [7 -1 4 2900 536696 1660364 2 "Caangol"]
 [10 -1 5 4800 536696 1661412 2 "Caangol"]
 [7 -1 6 4300 536696 1662461 2 "Caangol"]
 [10 -1 7 4800 536696 1663509 2 "Seeno"]
 [7 -1 8 3600 536696 1664557 2 "Seeno"]
 [7 -1 9 3800 536696 1665605 2 "Caangol"]
 [7 -1 10 2500 536696 1666654 2 "Seeno"]
 [2 -1 11 2200 536696 1667702 2 "Seeno"]
 [12 0 -11 8600 537700 1644640 1 "Seeno"]
 [2 0 -10 6800 537700 1645688 1 "Seeno"]
 [2 0 -9 500 537700 1646736 1 "Baldiol"]
 [2 0 -8 1200 537700 1647784 2 "Baldiol"]
 [2 0 -7 8900 537700 1648833 2 "Baldiol"]
 [2 0 -6 3300 537700 1649881 2 "Baldiol"]
 [2 0 -5 3600 537700 1650929 1 "Baldiol"]
 [2 0 -4 3800 537700 1651978 1 "Baldiol"]
 [2 0 -3 6400 537700 1653026 2 "Baldiol"]
 [7 0 -2 3600 537700 1654074 2 "Caangol"]
 [2 0 -1 1300 537700 1655122 2 "Caangol"]
 [12 0 0 4900 537700 1656171 2 "Caangol"]
 [12 0 1 2700 537700 1657219 2 "Seeno"]
 [12 0 2 3600 537700 1658267 2 "Baldiol"]
 [7 0 3 600 537700 1659316 2 "Seeno"]
 [7 0 4 2200 537700 1660364 1 "Seeno"]
 [7 0 5 1700 537700 1661412 1 "Seeno"]
 [7 0 6 2700 537700 1662461 1 "Seeno"]
 [7 0 7 400 537700 1663509 1 "Seeno"]
 [7 0 8 6300 537700 1664557 1 "Seeno"]
 [7 0 9 3100 537700 1665605 2 "Seeno"]
 [2 0 10 3400 537700 1666654 2 "Seeno"]
 [2 0 11 2000 537700 1667702 2 "Caangol"]
 [12 1 -11 11100 538703 1644640 1 "Seeno"]
 [2 1 -10 12800 538703 1645688 1 "Seeno"]
 [2 1 -9 7500 538703 1646736 1 "Baldiol"]
 [2 1 -8 2500 538703 1647784 1 "Baldiol"]
 [7 1 -7 2600 538703 1648833 2 "Baldiol"]
 [7 1 -6 1200 538703 1649881 2 "Baldiol"]
 [7 1 -5 1400 538703 1650929 2 "Baldiol"]
 [7 1 -4 3500 538703 1651978 2 "Baldiol"]
 [7 1 -3 5700 538703 1653026 2 "Caangol"]
 [7 1 -2 4200 538703 1654074 1 "Seeno"]
 [7 1 -1 4000 538703 1655122 1 "Baldiol"]
 [7 1 0 5600 538703 1656171 1 "Baldiol"]
 [7 1 1 3400 538703 1657219 1 "Baldiol"]
 [2 1 2 3500 538703 1658267 1 "Baldiol"]
 [12 1 3 4100 538703 1659316 1 "Baldiol"]
 [7 1 4 4000 538703 1660364 1 "Baldiol"]
 [7 1 5 5600 538703 1661412 1 "Baldiol"]
 [7 1 6 3400 538703 1662461 1 "Baldiol"]
 [7 1 7 3700 538703 1663509 1 "Baldiol"]
 [7 1 8 1200 538703 1664557 1 "Seeno"]
 [7 1 9 600 538703 1665605 1 "Seeno"]
 [2 1 10 2900 538703 1666654 1 "Seeno"]
 [2 1 11 2200 538703 1667702 2 "Caangol"]
 [12 2 -11 9200 539707 1644640 1 "Seeno"]
 [2 2 -10 8700 539707 1645688 1 "Seeno"]
 [7 2 -9 7900 539707 1646736 1 "Baldiol"]
 [7 2 -8 1600 539707 1647784 1 "Baldiol"]
 [7 2 -7 4200 539707 1648833 1 "Baldiol"]
 [7 2 -6 900 539707 1649881 2 "Baldiol"]
 [7 2 -5 2200 539707 1650929 2 "Baldiol"]
 [7 2 -4 1800 539707 1651978 2 "Caangol"]
 [7 2 -3 4300 539707 1653026 2 "Caangol"]
 [7 2 -2 4500 539707 1654074 1 "Baldiol"]
 [7 2 -1 7700 539707 1655122 1 "Baldiol"]
 [7 2 0 4600 539707 1656171 1 "Baldiol"]
 [7 2 1 5300 539707 1657219 1 "Baldiol"]
 [7 2 2 4500 539707 1658267 1 "Baldiol"]
 [12 2 3 8000 539707 1659316 1 "Baldiol"]
 [12 2 4 5900 539707 1660364 1 "Baldiol"]
 [7 2 5 4300 539707 1661412 1 "Baldiol"]
 [7 2 6 4400 539707 1662461 1 "Baldiol"]
 [7 2 7 7200 539707 1663509 1 "Baldiol"]
 [7 2 8 8800 539707 1664557 1 "Baldiol"]
 [7 2 9 2300 539707 1665605 1 "Baldiol"]
 [2 2 10 1400 539707 1666654 1 "Seeno"]
 [2 2 11 1400 539707 1667702 2 "Caangol"]
 [12 3 -11 9200 540711 1644640 1 "Seeno"]
 [2 3 -10 7200 540711 1645688 1 "Seeno"]
 [7 3 -9 5500 540711 1646736 1 "Seeno"]
 [7 3 -8 5300 540711 1647784 1 "Seeno"]
 [7 3 -7 2200 540711 1648833 1 "Baldiol"]
 [7 3 -6 2100 540711 1649881 1 "Baldiol"]
 [7 3 -5 600 540711 1650929 2 "Baldiol"]
 [7 3 -4 300 540711 1651978 2 "Sangre"]
 [7 3 -3 4200 540711 1653026 2 "Sangre"]
 [7 3 -2 4300 540711 1654074 1 "Sangre"]
 [7 3 -1 4300 540711 1655122 1 "Baldiol"]
 [7 3 0 5900 540711 1656171 1 "Baldiol"]
 [7 3 1 6500 540711 1657219 1 "Baldiol"]
 [10 3 2 8000 540711 1658267 1 "Baldiol"]
 [10 3 3 8100 540711 1659316 1 "Baldiol"]
 [10 3 4 10800 540711 1660364 1 "Baldiol"]
 [7 3 5 9100 540711 1661412 1 "Baldiol"]
 [7 3 6 7300 540711 1662461 1 "Baldiol"]
 [7 3 7 8600 540711 1663509 1 "Baldiol"]
 [2 3 8 10200 540711 1664557 1 "Baldiol"]
 [2 3 9 2000 540711 1665605 1 "Baldiol"]
 [2 3 10 5200 540711 1666654 2 "Seeno"]
 [2 3 11 2300 540711 1667702 2 "Caangol"]
 [12 4 -11 10300 541714 1644640 1 "Seeno"]
 [2 4 -10 9000 541714 1645688 1 "Seeno"]
 [7 4 -9 5500 541714 1646736 1 "Baldiol"]
 [7 4 -8 7100 541714 1647784 1 "Baldiol"]
 [7 4 -7 1600 541714 1648833 1 "Baldiol"]
 [7 4 -6 500 541714 1649881 2 "Baldiol"]
 [7 4 -5 3600 541714 1650929 2 "Sangre"]
 [7 4 -4 5300 541714 1651978 2 "Seeno"]
 [7 4 -3 1500 541714 1653026 2 "Seeno"]
 [7 4 -2 5700 541714 1654074 1 "Baldiol"]
 [7 4 -1 5900 541714 1655122 1 "Baldiol"]
 [7 4 0 6600 541714 1656171 1 "Baldiol"]
 [7 4 1 6400 541714 1657219 1 "Baldiol"]
 [7 4 2 10100 541714 1658267 1 "Baldiol"]
 [2 4 3 9300 541714 1659316 1 "Baldiol"]
 [2 4 4 11300 541714 1660364 1 "Baldiol"]
 [10 4 5 9100 541714 1661412 1 "Baldiol"]
 [7 4 6 9500 541714 1662461 1 "Baldiol"]
 [7 4 7 9600 541714 1663509 1 "Baldiol"]
 [7 4 8 10500 541714 1664557 1 "Baldiol"]
 [7 4 9 8100 541714 1665605 1 "Baldiol"]
 [2 4 10 300 541714 1666654 2 "Seeno"]
 [2 4 11 3500 541714 1667702 2 "Caangol"]
 [12 5 -11 9800 542718 1644640 1 "Seeno"]
 [2 5 -10 6800 542718 1645688 1 "Seeno"]
 [7 5 -9 7600 542718 1646736 1 "Baldiol"]
 [7 5 -8 6800 542718 1647784 1 "Baldiol"]
 [7 5 -7 300 542718 1648833 1 "Baldiol"]
 [7 5 -6 4100 542718 1649881 2 "Caangol"]
 [7 5 -5 2200 542718 1650929 2 "Sangre"]
 [7 5 -4 2400 542718 1651978 2 "Seeno"]
 [7 5 -3 4400 542718 1653026 2 "Seeno"]
 [7 5 -2 8100 542718 1654074 1 "Baldiol"]
 [7 5 -1 4200 542718 1655122 1 "Baldiol"]
 [7 5 0 4400 542718 1656171 1 "Baldiol"]
 [7 5 1 4400 542718 1657219 1 "Baldiol"]
 [7 5 2 8400 542718 1658267 1 "Baldiol"]
 [2 5 3 8100 542718 1659316 1 "Baldiol"]
 [2 5 4 8600 542718 1660364 1 "Baldiol"]
 [10 5 5 10400 542718 1661412 1 "Baldiol"]
 [12 5 6 8500 542718 1662461 1 "Baldiol"]
 [7 5 7 8800 542718 1663509 1 "Baldiol"]
 [7 5 8 7600 542718 1664557 1 "Baldiol"]
 [7 5 9 7900 542718 1665605 1 "Baldiol"]
 [2 5 10 3200 542718 1666654 2 "Seeno"]
 [2 5 11 3700 542718 1667702 2 "Caangol"]
 [12 6 -11 6400 543721 1644640 1 "Seeno"]
 [2 6 -10 7100 543721 1645688 1 "Seeno"]
 [7 6 -9 6600 543721 1646736 1 "Baldiol"]
 [7 6 -8 1800 543721 1647784 1 "Baldiol"]
 [7 6 -7 1800 543721 1648833 1 "Baldiol"]
 [7 6 -6 2000 543721 1649881 2 "Baldiol"]
 [7 6 -5 7200 543721 1650929 2 "Caangol"]
 [7 6 -4 7300 543721 1651978 2 "Sangre"]
 [7 6 -3 2600 543721 1653026 1 "Baldiol"]
 [7 6 -2 6700 543721 1654074 1 "Baldiol"]
 [7 6 -1 5400 543721 1655122 1 "Baldiol"]
 [7 6 0 4700 543721 1656171 1 "Baldiol"]
 [7 6 1 4600 543721 1657219 1 "Baldiol"]
 [7 6 2 8900 543721 1658267 1 "Baldiol"]
 [7 6 3 6000 543721 1659316 1 "Baldiol"]
 [10 6 4 5900 543721 1660364 1 "Baldiol"]
 [12 6 5 6900 543721 1661412 1 "Baldiol"]
 [7 6 6 9900 543721 1662461 2 "Baldiol"]
 [7 6 7 7700 543721 1663509 2 "Baldiol"]
 [7 6 8 10700 543721 1664557 1 "Baldiol"]
 [7 6 9 6400 543721 1665605 1 "Baldiol"]
 [2 6 10 5900 543721 1666654 2 "Seeno"]
 [2 6 11 5400 543721 1667702 2 "Caangol"]
 [10 7 -11 4600 544725 1644640 2 "Baldiol"]
 [2 7 -10 3100 544725 1645688 2 "Baldiol"]
 [7 7 -9 2200 544725 1646736 2 "Sangre"]
 [7 7 -8 1800 544725 1647784 2 "Baldiol"]
 [7 7 -7 800 544725 1648833 2 "Baldiol"]
 [7 7 -6 5300 544725 1649881 2 "Caangol"]
 [7 7 -5 2700 544725 1650929 2 "Caangol"]
 [7 7 -4 4800 544725 1651978 2 "Baldiol"]
 [7 7 -3 2300 544725 1653026 2 "Sangre"]
 [7 7 -2 2200 544725 1654074 1 "Sangre"]
 [7 7 -1 6700 544725 1655122 1 "Baldiol"]
 [7 7 0 5100 544725 1656171 1 "Baldiol"]
 [7 7 1 5800 544725 1657219 1 "Baldiol"]
 [10 7 2 7800 544725 1658267 1 "Baldiol"]
 [10 7 3 3400 544725 1659316 1 "Baldiol"]
 [7 7 4 7300 544725 1660364 1 "Baldiol"]
 [12 7 5 6200 544725 1661412 1 "Baldiol"]
 [12 7 6 5200 544725 1662461 2 "Baldiol"]
 [7 7 7 7700 544725 1663509 2 "Baldiol"]
 [7 7 8 9000 544725 1664557 1 "Baldiol"]
 [10 7 9 9200 544725 1665605 1 "Baldiol"]
 [7 7 10 3800 544725 1666654 2 "Seeno"]
 [7 7 11 3400 544725 1667702 2 "Sangre"]
 [10 8 -11 2800 545728 1644640 2 "Sangre"]
 [12 8 -10 400 545728 1645688 2 "Sangre"]
 [7 8 -9 800 545728 1646736 2 "Sangre"]
 [7 8 -8 1300 545728 1647784 2 "Sangre"]
 [7 8 -7 1300 545728 1648833 2 "Baldiol"]
 [7 8 -6 1200 545728 1649881 2 "Caangol"]
 [7 8 -5 5900 545728 1650929 2 "Sangre"]
 [7 8 -4 5300 545728 1651978 1 "Baldiol"]
 [7 8 -3 9500 545728 1653026 1 "Baldiol"]
 [7 8 -2 4500 545728 1654074 1 "Baldiol"]
 [7 8 -1 4900 545728 1655122 1 "Baldiol"]
 [7 8 0 7800 545728 1656171 1 "Baldiol"]
 [7 8 1 5600 545728 1657219 1 "Baldiol"]
 [7 8 2 10100 545728 1658267 1 "Baldiol"]
 [7 8 3 6100 545728 1659316 1 "Baldiol"]
 [7 8 4 7300 545728 1660364 1 "Baldiol"]
 [10 8 5 6300 545728 1661412 1 "Baldiol"]
 [12 8 6 10200 545728 1662461 2 "Baldiol"]
 [7 8 7 6300 545728 1663509 2 "Baldiol"]
 [10 8 8 8700 545728 1664557 2 "Baldiol"]
 [10 8 9 6900 545728 1665605 2 "Baldiol"]
 [10 8 10 7400 545728 1666654 2 "Caangol"]
 [10 8 11 800 545728 1667702 2 "Sangre"]
 [10 9 -11 4700 546732 1644640 1 "Baldiol"]
 [10 9 -10 6900 546732 1645688 1 "Baldiol"]
 [12 9 -9 4100 546732 1646736 2 "Seeno"]
 [7 9 -8 2200 546732 1647784 1 "Baldiol"]
 [7 9 -7 4700 546732 1648833 2 "Caangol"]
 [7 9 -6 4200 546732 1649881 2 "Sangre"]
 [2 9 -5 3100 546732 1650929 1 "Sangre"]
 [7 9 -4 5300 546732 1651978 1 "Baldiol"]
 [7 9 -3 4100 546732 1653026 1 "Baldiol"]
 [7 9 -2 3600 546732 1654074 1 "Baldiol"]
 [7 9 -1 4400 546732 1655122 1 "Baldiol"]
 [7 9 0 3800 546732 1656171 1 "Baldiol"]
 [7 9 1 5800 546732 1657219 1 "Baldiol"]
 [7 9 2 6900 546732 1658267 1 "Baldiol"]
 [7 9 3 5100 546732 1659316 1 "Baldiol"]
 [7 9 4 5600 546732 1660364 1 "Baldiol"]
 [10 9 5 8400 546732 1661412 1 "Seeno"]
 [10 9 6 5000 546732 1662461 1 "Baldiol"]
 [12 9 7 8400 546732 1663509 1 "Baldiol"]
 [7 9 8 9500 546732 1664557 2 "Baldiol"]
 [2 9 9 1900 546732 1665605 2 "Caangol"]
 [7 9 10 1900 546732 1666654 2 "Sangre"]
 [7 9 11 4900 546732 1667702 1 "Sangre"]
 [7 10 -11 7300 547735 1644640 1 "Baldiol"]
 [10 10 -10 3100 547735 1645688 1 "Seeno"]
 [10 10 -9 4900 547735 1646736 1 "Seeno"]
 [2 10 -8 1900 547735 1647784 1 "Baldiol"]
 [2 10 -7 5700 547735 1648833 2 "Caangol"]
 [2 10 -6 2000 547735 1649881 2 "Sangre"]
 [2 10 -5 3800 547735 1650929 2 "Sangre"]
 [7 10 -4 1600 547735 1651978 1 "Sangre"]
 [7 10 -3 4800 547735 1653026 1 "Baldiol"]
 [7 10 -2 5200 547735 1654074 1 "Baldiol"]
 [7 10 -1 5400 547735 1655122 1 "Baldiol"]
 [7 10 0 5600 547735 1656171 1 "Baldiol"]
 [7 10 1 5200 547735 1657219 1 "Baldiol"]
 [7 10 2 6700 547735 1658267 1 "Baldiol"]
 [7 10 3 8200 547735 1659316 2 "Baldiol"]
 [10 10 4 9000 547735 1660364 2 "Baldiol"]
 [10 10 5 1200 547735 1661412 2 "Seeno"]
 [10 10 6 1900 547735 1662461 1 "Seeno"]
 [12 10 7 1300 547735 1663509 2 "Seeno"]
 [7 10 8 5700 547735 1664557 2 "Seeno"]
 [2 10 9 1100 547735 1665605 2 "Sangre"]
 [2 10 10 200 547735 1666654 2 "Sangre"]
 [7 10 11 5800 547735 1667702 1 "Baldiol"]
 [7 11 -11 3500 548739 1644640 1 "Baldiol"]
 [10 11 -10 2400 548739 1645688 1 "Baldiol"]
 [12 11 -9 2100 548739 1646736 1 "Baldiol"]
 [12 11 -8 2100 548739 1647784 2 "Baldiol"]
 [12 11 -7 6700 548739 1648833 2 "Caangol"]
 [2 11 -6 3400 548739 1649881 2 "Sangre"]
 [2 11 -5 3300 548739 1650929 2 "Sangre"]
 [7 11 -4 600 548739 1651978 2 "Sangre"]
 [7 11 -3 6000 548739 1653026 1 "Baldiol"]
 [7 11 -2 5700 548739 1654074 1 "Baldiol"]
 [7 11 -1 5200 548739 1655122 1 "Baldiol"]
 [7 11 0 6100 548739 1656171 1 "Baldiol"]
 [7 11 1 5100 548739 1657219 1 "Baldiol"]
 [7 11 2 5700 548739 1658267 1 "Baldiol"]
 [7 11 3 7100 548739 1659316 2 "Baldiol"]
 [10 11 4 6700 548739 1660364 2 "Baldiol"]
 [10 11 5 2000 548739 1661412 2 "Seeno"]
 [10 11 6 600 548739 1662461 2 "Seeno"]
 [12 11 7 3700 548739 1663509 2 "Caangol"]
 [7 11 8 1500 548739 1664557 2 "Caangol"]
 [7 11 9 3600 548739 1665605 2 "Caangol"]
 [7 11 10 6000 548739 1666654 1 "Sangre"]
 [7 11 11 3800 548739 1667702 1 "Baldiol"]
